
Number of intermediary nodes:  0
TotalEdges : 6
Number of Graphs Formed :  6
Graphs :
['[[1, 4], [2, 4], [2, 5], [3, 5]]', '[[1, 4], [2, 5], [3, 4], [3, 5]]', '[[1, 5], [2, 4], [2, 5], [3, 4]]', '[[1, 5], [2, 4], [3, 4], [3, 5]]', '[[1, 4], [1, 5], [2, 4], [3, 5]]', '[[1, 4], [1, 5], [2, 5], [3, 4]]']

Number of intermediary nodes:  1
TotalEdges : 11
Number of Graphs Formed :  42
Graphs :
['[[1, 4], [1, 5], [2, 6], [3, 6], [6, 5]]', '[[1, 4], [2, 4], [2, 6], [3, 6], [6, 5]]', '[[1, 4], [2, 6], [3, 4], [3, 6], [6, 5]]', '[[1, 4], [1, 6], [2, 6], [3, 5], [6, 5]]', '[[1, 4], [1, 6], [2, 5], [3, 6], [6, 5]]', '[[1, 4], [2, 6], [3, 5], [3, 6], [6, 4]]', '[[1, 4], [2, 6], [3, 6], [6, 4], [6, 5]]', '[[1, 4], [2, 6], [3, 5], [6, 4], [6, 5]]', '[[1, 4], [2, 5], [2, 6], [3, 6], [6, 4]]', '[[1, 4], [2, 5], [3, 6], [6, 4], [6, 5]]', '[[1, 4], [1, 5], [2, 6], [3, 6], [6, 4]]', '[[1, 5], [2, 5], [2, 6], [3, 6], [6, 4]]', '[[1, 5], [2, 6], [3, 5], [3, 6], [6, 4]]', '[[1, 5], [1, 6], [2, 6], [3, 4], [6, 4]]', '[[1, 5], [1, 6], [2, 4], [3, 6], [6, 4]]', '[[1, 5], [2, 6], [3, 4], [3, 6], [6, 5]]', '[[1, 5], [2, 6], [3, 6], [6, 4], [6, 5]]', '[[1, 5], [2, 6], [3, 4], [6, 4], [6, 5]]', '[[1, 5], [2, 4], [2, 6], [3, 6], [6, 5]]', '[[1, 5], [2, 4], [3, 6], [6, 4], [6, 5]]', '[[1, 4], [1, 6], [2, 4], [3, 6], [6, 5]]', '[[1, 6], [2, 4], [2, 5], [3, 6], [6, 5]]', '[[1, 6], [2, 4], [3, 4], [3, 6], [6, 5]]', '[[1, 6], [2, 4], [2, 6], [3, 5], [6, 5]]', '[[1, 6], [2, 4], [3, 5], [3, 6], [6, 4]]', '[[1, 6], [2, 4], [3, 6], [6, 4], [6, 5]]', '[[1, 6], [2, 4], [3, 5], [6, 4], [6, 5]]', '[[1, 4], [1, 6], [2, 6], [3, 4], [6, 5]]', '[[1, 6], [2, 4], [2, 6], [3, 4], [6, 5]]', '[[1, 6], [2, 6], [3, 4], [3, 5], [6, 5]]', '[[1, 6], [2, 5], [3, 4], [3, 6], [6, 5]]', '[[1, 6], [2, 5], [2, 6], [3, 4], [6, 4]]', '[[1, 6], [2, 6], [3, 4], [6, 4], [6, 5]]', '[[1, 6], [2, 5], [3, 4], [6, 4], [6, 5]]', '[[1, 6], [2, 6], [3, 4], [3, 5], [6, 4]]', '[[1, 6], [2, 6], [3, 5], [6, 4], [6, 5]]', '[[1, 6], [2, 4], [2, 5], [3, 6], [6, 4]]', '[[1, 6], [2, 5], [3, 6], [6, 4], [6, 5]]', '[[1, 6], [2, 5], [2, 6], [3, 5], [6, 4]]', '[[1, 6], [2, 5], [3, 5], [3, 6], [6, 4]]', '[[1, 5], [1, 6], [2, 6], [3, 5], [6, 4]]', '[[1, 5], [1, 6], [2, 5], [3, 6], [6, 4]]']

Number of intermediary nodes:  2
TotalEdges : 18
Number of Graphs Formed :  138
Graphs :
['[[1, 4], [1, 6], [2, 6], [3, 7], [6, 7], [7, 5]]', '[[1, 4], [1, 6], [2, 7], [3, 6], [6, 7], [7, 5]]', '[[1, 4], [1, 6], [2, 7], [3, 7], [6, 5], [7, 6]]', '[[1, 4], [1, 7], [2, 7], [3, 6], [6, 5], [7, 6]]', '[[1, 4], [1, 7], [2, 6], [3, 7], [6, 5], [7, 6]]', '[[1, 4], [1, 7], [2, 6], [3, 6], [6, 7], [7, 5]]', '[[1, 4], [2, 6], [3, 7], [6, 4], [6, 7], [7, 5]]', '[[1, 4], [2, 6], [3, 7], [6, 4], [7, 5], [7, 6]]', '[[1, 4], [2, 7], [3, 6], [6, 4], [6, 7], [7, 5]]', '[[1, 4], [2, 7], [3, 6], [6, 4], [7, 5], [7, 6]]', '[[1, 4], [2, 7], [3, 7], [6, 4], [6, 5], [7, 6]]', '[[1, 4], [2, 7], [3, 6], [6, 5], [6, 7], [7, 4]]', '[[1, 4], [2, 7], [3, 6], [6, 5], [7, 4], [7, 6]]', '[[1, 4], [2, 6], [3, 7], [6, 5], [6, 7], [7, 4]]', '[[1, 4], [2, 6], [3, 7], [6, 5], [7, 4], [7, 6]]', '[[1, 4], [2, 6], [3, 6], [6, 7], [7, 4], [7, 5]]', '[[1, 5], [1, 6], [2, 6], [3, 7], [6, 7], [7, 4]]', '[[1, 5], [1, 6], [2, 7], [3, 6], [6, 7], [7, 4]]', '[[1, 5], [1, 6], [2, 7], [3, 7], [6, 4], [7, 6]]', '[[1, 5], [1, 7], [2, 7], [3, 6], [6, 4], [7, 6]]', '[[1, 5], [1, 7], [2, 6], [3, 7], [6, 4], [7, 6]]', '[[1, 5], [1, 7], [2, 6], [3, 6], [6, 7], [7, 4]]', '[[1, 5], [2, 6], [3, 7], [6, 5], [6, 7], [7, 4]]', '[[1, 5], [2, 6], [3, 7], [6, 5], [7, 4], [7, 6]]', '[[1, 5], [2, 7], [3, 6], [6, 5], [6, 7], [7, 4]]', '[[1, 5], [2, 7], [3, 6], [6, 5], [7, 4], [7, 6]]', '[[1, 5], [2, 7], [3, 7], [6, 4], [6, 5], [7, 6]]', '[[1, 5], [2, 7], [3, 6], [6, 4], [6, 7], [7, 5]]', '[[1, 5], [2, 7], [3, 6], [6, 4], [7, 5], [7, 6]]', '[[1, 5], [2, 6], [3, 7], [6, 4], [6, 7], [7, 5]]', '[[1, 5], [2, 6], [3, 7], [6, 4], [7, 5], [7, 6]]', '[[1, 5], [2, 6], [3, 6], [6, 7], [7, 4], [7, 5]]', '[[1, 6], [2, 4], [2, 6], [3, 7], [6, 7], [7, 5]]', '[[1, 7], [2, 4], [2, 6], [3, 6], [6, 7], [7, 5]]', '[[1, 7], [2, 4], [2, 6], [3, 7], [6, 5], [7, 6]]', '[[1, 7], [2, 4], [2, 7], [3, 6], [6, 5], [7, 6]]', '[[1, 6], [2, 4], [2, 7], [3, 7], [6, 5], [7, 6]]', '[[1, 6], [2, 4], [2, 7], [3, 6], [6, 7], [7, 5]]', '[[1, 6], [2, 4], [3, 7], [6, 4], [6, 7], [7, 5]]', '[[1, 6], [2, 4], [3, 7], [6, 4], [7, 5], [7, 6]]', '[[1, 7], [2, 4], [3, 6], [6, 4], [6, 7], [7, 5]]', '[[1, 7], [2, 4], [3, 6], [6, 4], [7, 5], [7, 6]]', '[[1, 7], [2, 4], [3, 7], [6, 4], [6, 5], [7, 6]]', '[[1, 7], [2, 4], [3, 6], [6, 5], [6, 7], [7, 4]]', '[[1, 7], [2, 4], [3, 6], [6, 5], [7, 4], [7, 6]]', '[[1, 6], [2, 4], [3, 7], [6, 5], [6, 7], [7, 4]]', '[[1, 6], [2, 4], [3, 7], [6, 5], [7, 4], [7, 6]]', '[[1, 6], [2, 4], [3, 6], [6, 7], [7, 4], [7, 5]]', '[[1, 6], [2, 7], [3, 4], [3, 6], [6, 7], [7, 5]]', '[[1, 7], [2, 6], [3, 4], [3, 6], [6, 7], [7, 5]]', '[[1, 7], [2, 7], [3, 4], [3, 6], [6, 5], [7, 6]]', '[[1, 7], [2, 6], [3, 4], [3, 7], [6, 5], [7, 6]]', '[[1, 6], [2, 7], [3, 4], [3, 7], [6, 5], [7, 6]]', '[[1, 6], [2, 6], [3, 4], [3, 7], [6, 7], [7, 5]]', '[[1, 6], [2, 7], [3, 4], [6, 4], [6, 7], [7, 5]]', '[[1, 6], [2, 7], [3, 4], [6, 4], [7, 5], [7, 6]]', '[[1, 7], [2, 6], [3, 4], [6, 4], [6, 7], [7, 5]]', '[[1, 7], [2, 6], [3, 4], [6, 4], [7, 5], [7, 6]]', '[[1, 7], [2, 7], [3, 4], [6, 4], [6, 5], [7, 6]]', '[[1, 7], [2, 6], [3, 4], [6, 5], [6, 7], [7, 4]]', '[[1, 7], [2, 6], [3, 4], [6, 5], [7, 4], [7, 6]]', '[[1, 6], [2, 7], [3, 4], [6, 5], [6, 7], [7, 4]]', '[[1, 6], [2, 7], [3, 4], [6, 5], [7, 4], [7, 6]]', '[[1, 6], [2, 6], [3, 4], [6, 7], [7, 4], [7, 5]]', '[[1, 6], [2, 6], [3, 7], [6, 4], [7, 4], [7, 5]]', '[[1, 6], [2, 6], [3, 7], [6, 4], [6, 7], [7, 5]]', '[[1, 6], [2, 6], [3, 7], [6, 5], [7, 4], [7, 5]]', '[[1, 6], [2, 6], [3, 7], [6, 5], [6, 7], [7, 4]]', '[[1, 6], [2, 6], [3, 7], [6, 7], [7, 4], [7, 5]]', '[[1, 6], [2, 6], [3, 5], [3, 7], [6, 7], [7, 4]]', '[[1, 6], [2, 6], [3, 5], [6, 7], [7, 4], [7, 5]]', '[[1, 6], [2, 7], [3, 6], [6, 4], [7, 4], [7, 5]]', '[[1, 6], [2, 7], [3, 6], [6, 4], [6, 7], [7, 5]]', '[[1, 6], [2, 7], [3, 6], [6, 5], [7, 4], [7, 5]]', '[[1, 6], [2, 7], [3, 6], [6, 5], [6, 7], [7, 4]]', '[[1, 6], [2, 7], [3, 6], [6, 7], [7, 4], [7, 5]]', '[[1, 6], [2, 5], [2, 7], [3, 6], [6, 7], [7, 4]]', '[[1, 6], [2, 5], [3, 6], [6, 7], [7, 4], [7, 5]]', '[[1, 6], [2, 6], [2, 7], [3, 7], [6, 4], [7, 5]]', '[[1, 6], [2, 7], [3, 6], [3, 7], [6, 4], [7, 5]]', '[[1, 6], [2, 7], [3, 7], [6, 4], [6, 5], [7, 5]]', '[[1, 6], [2, 7], [3, 7], [6, 4], [6, 5], [7, 6]]', '[[1, 6], [2, 7], [3, 5], [6, 4], [6, 7], [7, 5]]', '[[1, 6], [2, 5], [3, 7], [6, 4], [6, 7], [7, 5]]', '[[1, 6], [2, 7], [3, 5], [3, 7], [6, 4], [7, 6]]', '[[1, 6], [2, 7], [3, 7], [6, 4], [7, 5], [7, 6]]', '[[1, 6], [2, 7], [3, 5], [6, 4], [7, 5], [7, 6]]', '[[1, 6], [2, 5], [2, 7], [3, 7], [6, 4], [7, 6]]', '[[1, 6], [2, 5], [3, 7], [6, 4], [7, 5], [7, 6]]', '[[1, 6], [2, 6], [2, 7], [3, 7], [6, 5], [7, 4]]', '[[1, 6], [2, 7], [3, 6], [3, 7], [6, 5], [7, 4]]', '[[1, 6], [2, 7], [3, 7], [6, 4], [6, 5], [7, 4]]', '[[1, 6], [2, 7], [3, 7], [6, 5], [7, 4], [7, 6]]', '[[1, 7], [2, 7], [3, 6], [6, 4], [6, 5], [7, 4]]', '[[1, 7], [2, 7], [3, 6], [6, 5], [7, 4], [7, 6]]', '[[1, 7], [2, 7], [3, 6], [6, 4], [6, 5], [7, 5]]', '[[1, 7], [2, 7], [3, 6], [6, 4], [7, 5], [7, 6]]', '[[1, 7], [2, 7], [3, 6], [6, 4], [6, 5], [7, 6]]', '[[1, 7], [2, 7], [3, 5], [3, 6], [6, 4], [7, 6]]', '[[1, 7], [2, 7], [3, 5], [6, 4], [6, 5], [7, 6]]', '[[1, 7], [2, 6], [3, 7], [6, 4], [6, 5], [7, 4]]', '[[1, 7], [2, 6], [3, 7], [6, 5], [7, 4], [7, 6]]', '[[1, 7], [2, 6], [3, 7], [6, 4], [6, 5], [7, 5]]', '[[1, 7], [2, 6], [3, 7], [6, 4], [7, 5], [7, 6]]', '[[1, 7], [2, 6], [3, 7], [6, 4], [6, 5], [7, 6]]', '[[1, 7], [2, 5], [2, 6], [3, 7], [6, 4], [7, 6]]', '[[1, 7], [2, 5], [3, 7], [6, 4], [6, 5], [7, 6]]', '[[1, 7], [2, 6], [2, 7], [3, 6], [6, 5], [7, 4]]', '[[1, 7], [2, 6], [3, 6], [3, 7], [6, 5], [7, 4]]', '[[1, 7], [2, 6], [3, 6], [6, 5], [7, 4], [7, 5]]', '[[1, 7], [2, 6], [3, 6], [6, 7], [7, 4], [7, 5]]', '[[1, 7], [2, 6], [3, 5], [3, 6], [6, 7], [7, 4]]', '[[1, 7], [2, 6], [3, 6], [6, 5], [6, 7], [7, 4]]', '[[1, 7], [2, 6], [3, 5], [6, 5], [6, 7], [7, 4]]', '[[1, 7], [2, 5], [2, 6], [3, 6], [6, 7], [7, 4]]', '[[1, 7], [2, 5], [3, 6], [6, 5], [6, 7], [7, 4]]', '[[1, 7], [2, 6], [3, 5], [6, 5], [7, 4], [7, 6]]', '[[1, 7], [2, 5], [3, 6], [6, 5], [7, 4], [7, 6]]', '[[1, 7], [2, 6], [2, 7], [3, 6], [6, 4], [7, 5]]', '[[1, 7], [2, 6], [3, 6], [3, 7], [6, 4], [7, 5]]', '[[1, 7], [2, 6], [3, 6], [6, 4], [7, 4], [7, 5]]', '[[1, 7], [2, 6], [3, 6], [6, 4], [6, 7], [7, 5]]', '[[1, 6], [1, 7], [2, 6], [3, 7], [6, 4], [7, 5]]', '[[1, 7], [2, 6], [3, 5], [6, 4], [6, 7], [7, 5]]', '[[1, 7], [2, 6], [3, 5], [3, 7], [6, 4], [7, 6]]', '[[1, 7], [2, 6], [3, 5], [6, 4], [7, 5], [7, 6]]', '[[1, 6], [1, 7], [2, 7], [3, 6], [6, 4], [7, 5]]', '[[1, 7], [2, 5], [3, 6], [6, 4], [6, 7], [7, 5]]', '[[1, 7], [2, 5], [2, 7], [3, 6], [6, 4], [7, 6]]', '[[1, 7], [2, 5], [3, 6], [6, 4], [7, 5], [7, 6]]', '[[1, 6], [1, 7], [2, 7], [3, 6], [6, 5], [7, 4]]', '[[1, 6], [2, 7], [3, 5], [3, 6], [6, 7], [7, 4]]', '[[1, 6], [2, 7], [3, 5], [6, 5], [6, 7], [7, 4]]', '[[1, 6], [2, 7], [3, 5], [6, 5], [7, 4], [7, 6]]', '[[1, 6], [1, 7], [2, 6], [3, 7], [6, 5], [7, 4]]', '[[1, 6], [2, 5], [2, 6], [3, 7], [6, 7], [7, 4]]', '[[1, 6], [2, 5], [3, 7], [6, 5], [6, 7], [7, 4]]', '[[1, 6], [2, 5], [3, 7], [6, 5], [7, 4], [7, 6]]']

Number of intermediary nodes:  3
TotalEdges : 27
Number of Graphs Formed :  198
Graphs :
['[[1, 6], [2, 6], [3, 7], [6, 7], [7, 8], [8, 4], [8, 5]]', '[[1, 6], [2, 6], [3, 8], [6, 7], [7, 4], [7, 8], [8, 5]]', '[[1, 6], [2, 6], [3, 8], [6, 7], [7, 4], [8, 5], [8, 7]]', '[[1, 6], [2, 6], [3, 8], [6, 7], [7, 5], [7, 8], [8, 4]]', '[[1, 6], [2, 6], [3, 8], [6, 7], [7, 5], [8, 4], [8, 7]]', '[[1, 6], [2, 6], [3, 8], [6, 8], [7, 4], [7, 5], [8, 7]]', '[[1, 6], [2, 6], [3, 7], [6, 8], [7, 5], [7, 8], [8, 4]]', '[[1, 6], [2, 6], [3, 7], [6, 8], [7, 5], [8, 4], [8, 7]]', '[[1, 6], [2, 6], [3, 7], [6, 8], [7, 4], [7, 8], [8, 5]]', '[[1, 6], [2, 6], [3, 7], [6, 8], [7, 4], [8, 5], [8, 7]]', '[[1, 6], [2, 7], [3, 6], [6, 7], [7, 8], [8, 4], [8, 5]]', '[[1, 6], [2, 8], [3, 6], [6, 7], [7, 4], [7, 8], [8, 5]]', '[[1, 6], [2, 8], [3, 6], [6, 7], [7, 4], [8, 5], [8, 7]]', '[[1, 6], [2, 8], [3, 6], [6, 7], [7, 5], [7, 8], [8, 4]]', '[[1, 6], [2, 8], [3, 6], [6, 7], [7, 5], [8, 4], [8, 7]]', '[[1, 6], [2, 8], [3, 6], [6, 8], [7, 4], [7, 5], [8, 7]]', '[[1, 6], [2, 7], [3, 6], [6, 8], [7, 5], [7, 8], [8, 4]]', '[[1, 6], [2, 7], [3, 6], [6, 8], [7, 5], [8, 4], [8, 7]]', '[[1, 6], [2, 7], [3, 6], [6, 8], [7, 4], [7, 8], [8, 5]]', '[[1, 6], [2, 7], [3, 6], [6, 8], [7, 4], [8, 5], [8, 7]]', '[[1, 6], [2, 7], [3, 8], [6, 4], [6, 7], [7, 8], [8, 5]]', '[[1, 6], [2, 8], [3, 7], [6, 4], [6, 7], [7, 8], [8, 5]]', '[[1, 6], [2, 8], [3, 8], [6, 4], [6, 7], [7, 5], [8, 7]]', '[[1, 6], [2, 8], [3, 7], [6, 4], [6, 8], [7, 5], [8, 7]]', '[[1, 6], [2, 7], [3, 8], [6, 4], [6, 8], [7, 5], [8, 7]]', '[[1, 6], [2, 7], [3, 7], [6, 4], [6, 8], [7, 8], [8, 5]]', '[[1, 6], [2, 7], [3, 8], [6, 4], [7, 6], [7, 8], [8, 5]]', '[[1, 6], [2, 7], [3, 8], [6, 4], [7, 6], [8, 5], [8, 7]]', '[[1, 6], [2, 8], [3, 7], [6, 4], [7, 6], [7, 8], [8, 5]]', '[[1, 6], [2, 8], [3, 7], [6, 4], [7, 6], [8, 5], [8, 7]]', '[[1, 6], [2, 8], [3, 8], [6, 4], [7, 5], [7, 6], [8, 7]]', '[[1, 6], [2, 8], [3, 7], [6, 4], [7, 5], [7, 8], [8, 6]]', '[[1, 6], [2, 8], [3, 7], [6, 4], [7, 5], [8, 6], [8, 7]]', '[[1, 6], [2, 7], [3, 8], [6, 4], [7, 5], [7, 8], [8, 6]]', '[[1, 6], [2, 7], [3, 8], [6, 4], [7, 5], [8, 6], [8, 7]]', '[[1, 6], [2, 7], [3, 7], [6, 4], [7, 8], [8, 5], [8, 6]]', '[[1, 6], [2, 7], [3, 8], [6, 5], [6, 7], [7, 8], [8, 4]]', '[[1, 6], [2, 8], [3, 7], [6, 5], [6, 7], [7, 8], [8, 4]]', '[[1, 6], [2, 8], [3, 8], [6, 5], [6, 7], [7, 4], [8, 7]]', '[[1, 6], [2, 8], [3, 7], [6, 5], [6, 8], [7, 4], [8, 7]]', '[[1, 6], [2, 7], [3, 8], [6, 5], [6, 8], [7, 4], [8, 7]]', '[[1, 6], [2, 7], [3, 7], [6, 5], [6, 8], [7, 8], [8, 4]]', '[[1, 6], [2, 7], [3, 8], [6, 5], [7, 6], [7, 8], [8, 4]]', '[[1, 6], [2, 7], [3, 8], [6, 5], [7, 6], [8, 4], [8, 7]]', '[[1, 6], [2, 8], [3, 7], [6, 5], [7, 6], [7, 8], [8, 4]]', '[[1, 6], [2, 8], [3, 7], [6, 5], [7, 6], [8, 4], [8, 7]]', '[[1, 6], [2, 8], [3, 8], [6, 5], [7, 4], [7, 6], [8, 7]]', '[[1, 6], [2, 8], [3, 7], [6, 5], [7, 4], [7, 8], [8, 6]]', '[[1, 6], [2, 8], [3, 7], [6, 5], [7, 4], [8, 6], [8, 7]]', '[[1, 6], [2, 7], [3, 8], [6, 5], [7, 4], [7, 8], [8, 6]]', '[[1, 6], [2, 7], [3, 8], [6, 5], [7, 4], [8, 6], [8, 7]]', '[[1, 6], [2, 7], [3, 7], [6, 5], [7, 8], [8, 4], [8, 6]]', '[[1, 7], [2, 7], [3, 6], [6, 8], [7, 6], [8, 4], [8, 5]]', '[[1, 7], [2, 7], [3, 8], [6, 4], [6, 8], [7, 6], [8, 5]]', '[[1, 7], [2, 7], [3, 8], [6, 4], [7, 6], [8, 5], [8, 6]]', '[[1, 7], [2, 7], [3, 8], [6, 5], [6, 8], [7, 6], [8, 4]]', '[[1, 7], [2, 7], [3, 8], [6, 5], [7, 6], [8, 4], [8, 6]]', '[[1, 7], [2, 7], [3, 8], [6, 4], [6, 5], [7, 8], [8, 6]]', '[[1, 7], [2, 7], [3, 6], [6, 5], [6, 8], [7, 8], [8, 4]]', '[[1, 7], [2, 7], [3, 6], [6, 5], [7, 8], [8, 4], [8, 6]]', '[[1, 7], [2, 7], [3, 6], [6, 4], [6, 8], [7, 8], [8, 5]]', '[[1, 7], [2, 7], [3, 6], [6, 4], [7, 8], [8, 5], [8, 6]]', '[[1, 7], [2, 6], [3, 7], [6, 8], [7, 6], [8, 4], [8, 5]]', '[[1, 7], [2, 8], [3, 7], [6, 4], [6, 8], [7, 6], [8, 5]]', '[[1, 7], [2, 8], [3, 7], [6, 4], [7, 6], [8, 5], [8, 6]]', '[[1, 7], [2, 8], [3, 7], [6, 5], [6, 8], [7, 6], [8, 4]]', '[[1, 7], [2, 8], [3, 7], [6, 5], [7, 6], [8, 4], [8, 6]]', '[[1, 7], [2, 8], [3, 7], [6, 4], [6, 5], [7, 8], [8, 6]]', '[[1, 7], [2, 6], [3, 7], [6, 5], [6, 8], [7, 8], [8, 4]]', '[[1, 7], [2, 6], [3, 7], [6, 5], [7, 8], [8, 4], [8, 6]]', '[[1, 7], [2, 6], [3, 7], [6, 4], [6, 8], [7, 8], [8, 5]]', '[[1, 7], [2, 6], [3, 7], [6, 4], [7, 8], [8, 5], [8, 6]]', '[[1, 7], [2, 6], [3, 8], [6, 7], [6, 8], [7, 4], [8, 5]]', '[[1, 7], [2, 6], [3, 8], [6, 7], [7, 4], [8, 5], [8, 6]]', '[[1, 7], [2, 8], [3, 6], [6, 7], [6, 8], [7, 4], [8, 5]]', '[[1, 7], [2, 8], [3, 6], [6, 7], [7, 4], [8, 5], [8, 6]]', '[[1, 7], [2, 8], [3, 8], [6, 5], [6, 7], [7, 4], [8, 6]]', '[[1, 7], [2, 6], [3, 8], [6, 8], [7, 4], [7, 6], [8, 5]]', '[[1, 7], [2, 8], [3, 6], [6, 8], [7, 4], [7, 6], [8, 5]]', '[[1, 7], [2, 8], [3, 8], [6, 5], [7, 4], [7, 6], [8, 6]]', '[[1, 7], [2, 8], [3, 6], [6, 5], [7, 4], [7, 8], [8, 6]]', '[[1, 7], [2, 6], [3, 8], [6, 5], [7, 4], [7, 8], [8, 6]]', '[[1, 7], [2, 6], [3, 6], [6, 8], [7, 4], [7, 8], [8, 5]]', '[[1, 7], [2, 8], [3, 6], [6, 5], [6, 8], [7, 4], [8, 7]]', '[[1, 7], [2, 8], [3, 6], [6, 5], [7, 4], [8, 6], [8, 7]]', '[[1, 7], [2, 6], [3, 8], [6, 5], [6, 8], [7, 4], [8, 7]]', '[[1, 7], [2, 6], [3, 8], [6, 5], [7, 4], [8, 6], [8, 7]]', '[[1, 7], [2, 6], [3, 6], [6, 8], [7, 4], [8, 5], [8, 7]]', '[[1, 7], [2, 6], [3, 8], [6, 7], [6, 8], [7, 5], [8, 4]]', '[[1, 7], [2, 6], [3, 8], [6, 7], [7, 5], [8, 4], [8, 6]]', '[[1, 7], [2, 8], [3, 6], [6, 7], [6, 8], [7, 5], [8, 4]]', '[[1, 7], [2, 8], [3, 6], [6, 7], [7, 5], [8, 4], [8, 6]]', '[[1, 7], [2, 8], [3, 8], [6, 4], [6, 7], [7, 5], [8, 6]]', '[[1, 7], [2, 6], [3, 8], [6, 8], [7, 5], [7, 6], [8, 4]]', '[[1, 7], [2, 8], [3, 6], [6, 8], [7, 5], [7, 6], [8, 4]]', '[[1, 7], [2, 8], [3, 8], [6, 4], [7, 5], [7, 6], [8, 6]]', '[[1, 7], [2, 8], [3, 6], [6, 4], [7, 5], [7, 8], [8, 6]]', '[[1, 7], [2, 6], [3, 8], [6, 4], [7, 5], [7, 8], [8, 6]]', '[[1, 7], [2, 6], [3, 6], [6, 8], [7, 5], [7, 8], [8, 4]]', '[[1, 7], [2, 8], [3, 6], [6, 4], [6, 8], [7, 5], [8, 7]]', '[[1, 7], [2, 8], [3, 6], [6, 4], [7, 5], [8, 6], [8, 7]]', '[[1, 7], [2, 6], [3, 8], [6, 4], [6, 8], [7, 5], [8, 7]]', '[[1, 7], [2, 6], [3, 8], [6, 4], [7, 5], [8, 6], [8, 7]]', '[[1, 7], [2, 6], [3, 6], [6, 8], [7, 5], [8, 4], [8, 7]]', '[[1, 8], [2, 8], [3, 6], [6, 7], [7, 4], [7, 5], [8, 6]]', '[[1, 8], [2, 8], [3, 7], [6, 4], [6, 7], [7, 5], [8, 6]]', '[[1, 8], [2, 8], [3, 7], [6, 4], [7, 5], [7, 6], [8, 6]]', '[[1, 8], [2, 8], [3, 7], [6, 5], [6, 7], [7, 4], [8, 6]]', '[[1, 8], [2, 8], [3, 7], [6, 5], [7, 4], [7, 6], [8, 6]]', '[[1, 8], [2, 8], [3, 7], [6, 4], [6, 5], [7, 6], [8, 7]]', '[[1, 8], [2, 8], [3, 6], [6, 5], [6, 7], [7, 4], [8, 7]]', '[[1, 8], [2, 8], [3, 6], [6, 5], [7, 4], [7, 6], [8, 7]]', '[[1, 8], [2, 8], [3, 6], [6, 4], [6, 7], [7, 5], [8, 7]]', '[[1, 8], [2, 8], [3, 6], [6, 4], [7, 5], [7, 6], [8, 7]]', '[[1, 8], [2, 6], [3, 8], [6, 7], [7, 4], [7, 5], [8, 6]]', '[[1, 8], [2, 7], [3, 8], [6, 4], [6, 7], [7, 5], [8, 6]]', '[[1, 8], [2, 7], [3, 8], [6, 4], [7, 5], [7, 6], [8, 6]]', '[[1, 8], [2, 7], [3, 8], [6, 5], [6, 7], [7, 4], [8, 6]]', '[[1, 8], [2, 7], [3, 8], [6, 5], [7, 4], [7, 6], [8, 6]]', '[[1, 8], [2, 7], [3, 8], [6, 4], [6, 5], [7, 6], [8, 7]]', '[[1, 8], [2, 6], [3, 8], [6, 5], [6, 7], [7, 4], [8, 7]]', '[[1, 8], [2, 6], [3, 8], [6, 5], [7, 4], [7, 6], [8, 7]]', '[[1, 8], [2, 6], [3, 8], [6, 4], [6, 7], [7, 5], [8, 7]]', '[[1, 8], [2, 6], [3, 8], [6, 4], [7, 5], [7, 6], [8, 7]]', '[[1, 8], [2, 6], [3, 7], [6, 7], [6, 8], [7, 5], [8, 4]]', '[[1, 8], [2, 6], [3, 7], [6, 8], [7, 5], [7, 6], [8, 4]]', '[[1, 8], [2, 7], [3, 6], [6, 7], [6, 8], [7, 5], [8, 4]]', '[[1, 8], [2, 7], [3, 6], [6, 8], [7, 5], [7, 6], [8, 4]]', '[[1, 8], [2, 7], [3, 7], [6, 5], [6, 8], [7, 6], [8, 4]]', '[[1, 8], [2, 7], [3, 6], [6, 5], [6, 7], [7, 8], [8, 4]]', '[[1, 8], [2, 7], [3, 6], [6, 5], [7, 6], [7, 8], [8, 4]]', '[[1, 8], [2, 6], [3, 7], [6, 5], [6, 7], [7, 8], [8, 4]]', '[[1, 8], [2, 6], [3, 7], [6, 5], [7, 6], [7, 8], [8, 4]]', '[[1, 8], [2, 6], [3, 6], [6, 7], [7, 5], [7, 8], [8, 4]]', '[[1, 8], [2, 6], [3, 7], [6, 7], [7, 5], [8, 4], [8, 6]]', '[[1, 8], [2, 7], [3, 6], [6, 7], [7, 5], [8, 4], [8, 6]]', '[[1, 8], [2, 7], [3, 7], [6, 5], [7, 6], [8, 4], [8, 6]]', '[[1, 8], [2, 7], [3, 6], [6, 5], [7, 6], [8, 4], [8, 7]]', '[[1, 8], [2, 6], [3, 7], [6, 5], [7, 6], [8, 4], [8, 7]]', '[[1, 8], [2, 6], [3, 6], [6, 7], [7, 5], [8, 4], [8, 7]]', '[[1, 8], [2, 6], [3, 7], [6, 7], [6, 8], [7, 4], [8, 5]]', '[[1, 8], [2, 6], [3, 7], [6, 8], [7, 4], [7, 6], [8, 5]]', '[[1, 8], [2, 7], [3, 6], [6, 7], [6, 8], [7, 4], [8, 5]]', '[[1, 8], [2, 7], [3, 6], [6, 8], [7, 4], [7, 6], [8, 5]]', '[[1, 8], [2, 7], [3, 7], [6, 4], [6, 8], [7, 6], [8, 5]]', '[[1, 8], [2, 7], [3, 6], [6, 4], [6, 7], [7, 8], [8, 5]]', '[[1, 8], [2, 7], [3, 6], [6, 4], [7, 6], [7, 8], [8, 5]]', '[[1, 8], [2, 6], [3, 7], [6, 4], [6, 7], [7, 8], [8, 5]]', '[[1, 8], [2, 6], [3, 7], [6, 4], [7, 6], [7, 8], [8, 5]]', '[[1, 8], [2, 6], [3, 6], [6, 7], [7, 4], [7, 8], [8, 5]]', '[[1, 8], [2, 6], [3, 7], [6, 7], [7, 4], [8, 5], [8, 6]]', '[[1, 8], [2, 7], [3, 6], [6, 7], [7, 4], [8, 5], [8, 6]]', '[[1, 8], [2, 7], [3, 7], [6, 4], [7, 6], [8, 5], [8, 6]]', '[[1, 8], [2, 7], [3, 6], [6, 4], [7, 6], [8, 5], [8, 7]]', '[[1, 8], [2, 6], [3, 7], [6, 4], [7, 6], [8, 5], [8, 7]]', '[[1, 8], [2, 6], [3, 6], [6, 7], [7, 4], [8, 5], [8, 7]]', '[[1, 7], [2, 6], [3, 8], [6, 4], [6, 7], [7, 8], [8, 5]]', '[[1, 8], [2, 6], [3, 7], [6, 4], [6, 8], [7, 5], [8, 7]]', '[[1, 7], [2, 6], [3, 8], [6, 4], [7, 6], [7, 8], [8, 5]]', '[[1, 7], [2, 6], [3, 8], [6, 4], [7, 6], [8, 5], [8, 7]]', '[[1, 8], [2, 6], [3, 7], [6, 4], [7, 5], [7, 8], [8, 6]]', '[[1, 8], [2, 6], [3, 7], [6, 4], [7, 5], [8, 6], [8, 7]]', '[[1, 7], [2, 8], [3, 6], [6, 4], [6, 7], [7, 8], [8, 5]]', '[[1, 8], [2, 7], [3, 6], [6, 4], [6, 8], [7, 5], [8, 7]]', '[[1, 7], [2, 8], [3, 6], [6, 4], [7, 6], [7, 8], [8, 5]]', '[[1, 7], [2, 8], [3, 6], [6, 4], [7, 6], [8, 5], [8, 7]]', '[[1, 8], [2, 7], [3, 6], [6, 4], [7, 5], [7, 8], [8, 6]]', '[[1, 8], [2, 7], [3, 6], [6, 4], [7, 5], [8, 6], [8, 7]]', '[[1, 7], [2, 8], [3, 8], [6, 4], [6, 5], [7, 6], [8, 7]]', '[[1, 8], [2, 7], [3, 7], [6, 4], [6, 5], [7, 8], [8, 6]]', '[[1, 6], [2, 7], [3, 8], [6, 7], [6, 8], [7, 4], [8, 5]]', '[[1, 6], [2, 7], [3, 8], [6, 7], [7, 4], [8, 5], [8, 6]]', '[[1, 6], [2, 7], [3, 8], [6, 8], [7, 4], [7, 6], [8, 5]]', '[[1, 8], [2, 7], [3, 6], [6, 5], [7, 4], [7, 8], [8, 6]]', '[[1, 8], [2, 7], [3, 6], [6, 5], [6, 8], [7, 4], [8, 7]]', '[[1, 8], [2, 7], [3, 6], [6, 5], [7, 4], [8, 6], [8, 7]]', '[[1, 6], [2, 8], [3, 7], [6, 7], [6, 8], [7, 4], [8, 5]]', '[[1, 6], [2, 8], [3, 7], [6, 7], [7, 4], [8, 5], [8, 6]]', '[[1, 6], [2, 8], [3, 7], [6, 8], [7, 4], [7, 6], [8, 5]]', '[[1, 8], [2, 6], [3, 7], [6, 5], [7, 4], [7, 8], [8, 6]]', '[[1, 8], [2, 6], [3, 7], [6, 5], [6, 8], [7, 4], [8, 7]]', '[[1, 8], [2, 6], [3, 7], [6, 5], [7, 4], [8, 6], [8, 7]]', '[[1, 6], [2, 8], [3, 8], [6, 7], [7, 4], [7, 5], [8, 6]]', '[[1, 8], [2, 6], [3, 6], [6, 8], [7, 4], [7, 5], [8, 7]]', '[[1, 6], [2, 8], [3, 7], [6, 7], [6, 8], [7, 5], [8, 4]]', '[[1, 6], [2, 8], [3, 7], [6, 8], [7, 5], [7, 6], [8, 4]]', '[[1, 7], [2, 8], [3, 6], [6, 5], [6, 7], [7, 8], [8, 4]]', '[[1, 7], [2, 8], [3, 6], [6, 5], [7, 6], [7, 8], [8, 4]]', '[[1, 6], [2, 8], [3, 7], [6, 7], [7, 5], [8, 4], [8, 6]]', '[[1, 7], [2, 8], [3, 6], [6, 5], [7, 6], [8, 4], [8, 7]]', '[[1, 6], [2, 7], [3, 8], [6, 7], [6, 8], [7, 5], [8, 4]]', '[[1, 6], [2, 7], [3, 8], [6, 8], [7, 5], [7, 6], [8, 4]]', '[[1, 7], [2, 6], [3, 8], [6, 5], [6, 7], [7, 8], [8, 4]]', '[[1, 7], [2, 6], [3, 8], [6, 5], [7, 6], [7, 8], [8, 4]]', '[[1, 6], [2, 7], [3, 8], [6, 7], [7, 5], [8, 4], [8, 6]]', '[[1, 7], [2, 6], [3, 8], [6, 5], [7, 6], [8, 4], [8, 7]]', '[[1, 6], [2, 7], [3, 7], [6, 8], [7, 6], [8, 4], [8, 5]]', '[[1, 7], [2, 6], [3, 6], [6, 7], [7, 8], [8, 4], [8, 5]]']
